1
12
23
34
45
56
67
78
89
90
101
112
123
134
145
156
167
178
189
190
201
212
223
234
245
256
267
278
289
290
301
312
323
334
345
356
367
378
389
390
401
412
423
434
445
456
467
478
489
490
501
512
523
534
545
556
567
578
589
590
601
612
623
634
645
656
667
678
689
690
701
712
723
734
745
756
767
778
789
790
801
812
823
834
845
856
867
878
889
890
901
912
923
934
945
956
967
978
989
990
1001
1012
1023
1034
1045
1056
1067
1078
1089
1090
1101
1112
1123
1134
1145
1156
1167
1178
1189
1190
1201
1212
1223
1234
1245
1256
1267
1278
1289
1290
1301
1312
1323
1334
1345
1356
1367
1378
1389
1390
1401
1412
1423
1434
1445
1456
1467
1478
1489
1490
1501
1512
1523
1534
1545
1556
1567
1578
1589
1590
1601
1612
1623
1634
1645
1656
1667
1678
1689
1690
1701
1712
1723
1734
1745
1756
1767
1778
1789
1790
1801
1812
1823
1834
1845
1856
1867
1878
1889
1890
1901
1912
1923
1934
1945
1956
1967
1978
1989
1990
2001
2012
2023
2034
2045
2056
2067
2078
2089
2090
2101
2112
2123
2134
2145
2156
2167
2178
2189
2190
2201
2212
2223
2234
2245
2256
2267
2278
2289
2290
2301
2312
2323
2334
2345
2356
2367
2378
2389
2390
2401
2412
2423
2434
2445
2456
2467
2478
2489
2490
2501
2512
2523
2534
2545
2556
2567
2578
2589
2590
2601
2612
2623
2634
2645
2656
2667
2678
2689
2690
2701
2712
2723
2734
2745
2756
2767
2778
2789
2790
2801
2812
2823
2834
2845
2856
2867
2878
2889
2890
2901
2912
2923
2934
2945
2956
2967
2978
2989
2990
3001
3012
3023
3034
3045
3056
3067
3078
3089
3090
3101
3112
3123
3134
3145
3156
3167
3178
3189
3190
3201
3212
3223
3234
3245
3256
3267
3278
3289
3290
3301
3312
3323
3334
3345
3356
3367
3378
3389
3390
3401
3412
3423
3434
3445
3456
3467
3478
3489
3490
3501
3512
3523
3534
3545
3556
3567
3578
3589
3590
3601
3612
3623
3634
3645
3656
3667
3678
3689
3690
3701
3712
3723
3734
3745
3756
3767
3778
3789
3790
3801
3812
3823
3834
3845
3856
3867
3878
3889
3890
3901
3912
3923
3934
3945
3956
3967
3978
3989
3990
4001
4012
4023
4034
4045
4056
4067
4078
4089
4090
4101
4112
4123
4134
4145
4156
4167
4178
4189
4190
4201
4212
4223
4234
4245
4256
4267
4278
4289
4290
4301
4312
4323
4334
4345
4356
4367
4378
4389
4390
4401
4412
4423
4434
4445
4456
4467
4478
4489
4490
4501
4512
4523
4534
4545
4556
4567
4578
4589
4590
4601
4612
4623
4634
4645
4656
4667
4678
4689
4690
4701
4712
4723
4734
4745
4756
4767
4778
4789
4790
4801
4812
4823
4834
4845
4856
4867
4878
4889
4890
4901
4912
4923
4934
4945
4956
4967
4978
4989
4990
5001
5012
5023
5034
5045
5056
5067
5078
5089
5090
5101
5112
5123
5134
5145
5156
5167
5178
5189
5190
5201
5212
5223
5234
5245
5256
5267
5278
5289
5290
5301
5312
5323
5334
5345
5356
5367
5378
5389
5390
5401
5412
5423
5434
5445
5456
5467
5478
5489
5490
5501
5512
5523
5534
5545
5556
5567
5578
5589
5590
5601
5612
5623
5634
5645
5656
5667
5678
5689
5690
5701
5712
5723
5734
5745
5756
5767
5778
5789
5790
5801
5812
5823
5834
5845
5856
5867
5878
5889
5890
5901
5912
5923
5934
5945
5956
5967
5978
5989
5990
6001
6012
6023
6034
6045
6056
6067
6078
6089
6090
6101
6112
6123
6134
6145
6156
6167
6178
6189
6190
6201
6212
6223
6234
6245
6256
6267
6278
6289
6290
6301
6312
6323
6334
6345
6356
6367
6378
6389
6390
6401
6412
6423
6434
6445
6456
6467
6478
6489
6490
6501
6512
6523
6534
6545
6556
6567
6578
6589
6590
6601
6612
6623
6634
6645
6656
6667
6678
6689
6690
6701
6712
6723
6734
6745
6756
6767
6778
6789
6790
6801
6812
6823
6834
6845
6856
6867
6878
6889
6890
6901
6912
6923
6934
6945
6956
6967
6978
6989
6990
7001
7012
7023
7034
7045
7056
7067
7078
7089
7090
7101
7112
7123
7134
7145
7156
7167
7178
7189
7190
7201
7212
7223
7234
7245
7256
7267
7278
7289
7290
7301
7312
7323
7334
7345
7356
7367
7378
7389
7390
7401
7412
7423
7434
7445
7456
7467
7478
7489
7490
7501
7512
7523
7534
7545
7556
7567
7578
7589
7590
7601
7612
7623
7634
7645
7656
7667
7678
7689
7690
7701
7712
7723
7734
7745
7756
7767
7778
7789
7790
7801
7812
7823
7834
7845
7856
7867
7878
7889
7890
7901
7912
7923
7934
7945
7956
7967
7978
7989
7990
8001
8012
8023
8034
8045
8056
8067
8078
8089
8090
8101
8112
8123
8134
8145
8156
8167
8178
8189
8190
8201
8212
8223
8234
8245
8256
8267
8278
8289
8290
8301
8312
8323
8334
8345
8356
8367
8378
8389
8390
8401
8412
8423
8434
8445
8456
8467
8478
8489
8490
8501
8512
8523
8534
8545
8556
8567
8578
8589
8590
8601
8612
8623
8634
8645
8656
8667
8678
8689
8690
8701
8712
8723
8734
8745
8756
8767
8778
8789
8790
8801
8812
8823
8834
8845
8856
8867
8878
8889
8890
8901
8912
8923
8934
8945
8956
8967
8978
8989
8990
9001
9012
9023
9034
9045
9056
9067
9078
9089
9090
9101
9112
9123
9134
9145
9156
9167
9178
9189
9190
9201
9212
9223
9234
9245
9256
9267
9278
9289
9290
9301
9312
9323
9334
9345
9356
9367
9378
9389
9390
9401
9412
9423
9434
9445
9456
9467
9478
9489
9490
9501
9512
9523
9534
9545
9556
9567
9578
9589
9590
9601
9612
9623
9634
9645
9656
9667
9678
9689
9690
9701
9712
9723
9734
9745
9756
9767
9778
9789
9790
9801
9812
9823
9834
9845
9856
9867
9878
9889
9890
9901
9912
9923
9934
9945
9956
9967
9978
9989
9990
